3.5250273e-008  138            3.5250273e-008  22            
5.1835941e-008  15            5.1835941e-008  22            
6.8421608e-008  11            6.8421608e-008  22            
8.5007276e-008  6            8.5007276e-008  22            
1.0159294e-007  2            1.0159294e-007  22            
1.1817861e-007  7            1.1817861e-007  22            
1.3476428e-007  21            1.3476428e-007  22            
1.5134995e-007  42            1.5134995e-007  42.000006            
1.6793561e-007  51            1.6793561e-007  50.999996            
1.8452128e-007  24            1.8452128e-007  22.000001            
2.0110695e-007  11            2.0110695e-007  22            
2.1769262e-007  4            2.1769262e-007  22            
2.3427828e-007  3            2.3427828e-007  22            
